85 1 1
-163840 
-399631 
-154009 
-417976 
-144179 
-308582 
-134348 
-103869 
-124518 
128133 
-114688 
309409 
-104857 
381383 
-95027 
326915 
-85196 
176477 
-75366 
-3820 
-65536 
-137796 
-55705 
-168550 
-45875 
-80400 
-36044 
94984 
-26214 
290613 
-16384 
429761 
-6553 
455343 
3276 
351863 
13107 
151529 
22937 
-77780 
32768 
-258148 
42598 
-331031 
52428 
-279254 
62259 
-133197 
72089 
41187 
81920 
167926 
91750 
190376 
101580 
93148 
111411 
-91765 
121241 
-297038 
131072 
-445602 
140902 
-480038 
150732 
-384537 
160563 
-191026 
170393 
32860 
180224 
209397 
190054 
280175 
199884 
228094 
209715 
83547 
219545 
-87569 
229376 
-209397 
239206 
-225466 
249036 
-120615 
258867 
72895 
268697 
287433 
278528 
445602 
288358 
489644 
298188 
403407 
308019 
218493 
317849 
2229 
327680 
-167926 
337510 
-233793 
347340 
-178444 
357171 
-32387 
367001 
138425 
376832 
258148 
386662 
270386 
396492 
160112 
406323 
-40220 
416153 
-262738 
425984 
-429761 
435814 
-483219 
445644 
-406626 
455475 
-231241 
465305 
-24055 
475136 
137796 
484966 
196425 
494796 
135164 
504627 
-15272 
514457 
-188778 
524288 
-309409 
534118 
-320738 
543948 
-207773 
553779 
-3059 
563609 
225371 
573440 
399631 
583270 
461393 
593100 
393878 
602931 
228022 
612761 
30479 
622592 
-121956 
632422 
-171731 
642252 
-102489 
652083 
54769 
661913 
233698 
